22277302519162
75947866978990
95962420265476
51912118423886
92499797120098
70331878129321
55669227509566
26773600796771
13488733015981
97287506072564
55382335860846
88646558821667
68164200628623
88347647772587
28199880480629
29897973795263
41198555493676
65805080241818
11494940367805
78136997582139
56727126892620
31574382588507
36258092431536
14787148252555
54897202103261
69814390490650
39412923396172
80295922323390
98869613375325
38194236817554
80067409380334
89209980199799
43633932199097
26312942861618
99665499716715
59236654594423
34227527281766
62161787845383
56802894547840
46733007140419
23675760264851
87769907373920
29879370738307
73098096150192
84622102999994
73331943574966
48934303414319
95098196522341
57434529145119
70409118990446
61037097430251
88541970110518
47685969494720
96506694532697
92012103039128
69439779480284
62410111186119
27979521437547
45054250602400
58801367559013
22279366619978
85385372757036
30665426499708
17539789243915
83249987971465
15613084066334
98537557589361
69993577959458
17844731959468
86301607564069
87635472541659
81512257653663
63738149786022
45184820715517
37295362123951
39944040617529
41540259140021
49514179825150
76941416574281
85941721158116
38781426349214
44601606348038
40964048706893
58399481178771
52370067427443
19197681617360
69761343767610
88925827286288
20122352674575
31044890131821
68924717856785
99859338230505
52592885361662
49164042157909
84899896399075
96372663160796
53323060680946
77891768754515
73257766563297
54813633799706
40804404281562
27691130554240
94878589000036
40856547153691
73933663812677
99984208186614
57959955557205
56860395172421
58468089581535
30192798817667
82355464378342
91784937149016
59082433308673
64646634739644
90366126131378
41261112479974
40537740040936
86942821293426
39711492824848
94303404804482
51332368226854
28841487707476
21193020320033
45857107602296
41940041433571
32924806745332
73737327525401
19025005372229
89537690346580
59786787800664
94182572976016
13495216115890
34817546277440
76635948526176
78184916108001
84189002002193
10692373696650
63771845397944
21842756815100
31001836090139
58939834661543
58442766443856
11684094052002
83983819415751
72241169565928
67308912329755
73899471194781
27087045530194
77295705913238
46485579809227
41441587679878
46171411712855
92825373836908
58970516576920
85538273762322
17460862331650
85728107156743
31675591151164
77509058900575
43328721257978
13815938734900
87312962746633
81606123571748
72735772111617
57000115929137
44486859413576
92689792674503
19692804713302
97006078618965
92332894106496
60876285650651
27468347718963
63503801687886
17656093534179
57522232827116
51748289216462
80712575852128
91833068571894
16937021221236
79238972665384
83006334268379
62977552690732
14443195272558
43595942342314
15401226158894
16521720703187
70573189043955
23039765025646
53175070797205
49647724604777
65476918827429
71476636141247
69577233154275
79682365566657
78866174686411
60017608362909
60125849259964
82346477946203
78642466568882
42014684419401
11552518868419
56772622711976
19060805087963
55913193504997
39170613032842
93163065591038
59011453137240
56148175895747
78170477460321
67877951634189
21253895117397
53134059437272
84647476289715
47161141543618
10135559813370
60573973981962
60681940711495
48732771755592
58641173917899
83020564685271
59648038741640
72226011944358
78130897450264
51344460933511
89258788280648
94020463872012
77873499201037
89077511847372
85040173303091
78787166789253
21876037825778
83921429024790
16063862813783
57845090702116
36054614067086
68592720251758
56991023126489
93813258562996
65006207792051
53988273445085
18388713689418
15021350570486
51525525317658
30578159167165
65928040930789
61593796782745
90782465626203
37892077574922
36489016313605
81651967707350
34018336216033
95330989704787
52050429006188
70612432042393
41671243200296
59246883497659
21892098592117
69888456596650
29087405150776
99904528716041
25104199003599
67953389888295
48704479135954
69553549560896
32406441961640
58463284505780
69692413185418
50218373089742
89913568650406
91984883909983
95955407462562
73389913006451
44456619517727
27908142775436
96112513275404
50473123375454
55583101349975
67646933582739
25568389505262
22321023332371
70467696260679
30201932402617
90026303165199
23897328224966
52636394667535
34214395362094
49804023352764
11195060613977
99111032644621
83283992107143
37009638113570
29942750731656
54797230813161
67955772533359
46809969808215
94551091075529
54547769507192
55885528570613
18359570986531
40162429876788
78956848639530
92955668378011
57157894294666
40557250863320
32093610092555
70767157589677
65225691735197
39870490386006
82170598876193
74248419559456
72113008892144
84587187251036
47803024388476
95435721540477
90818056343462
69248590639482
70000698906765
69346571222744
51669608610695
32116329477721
87206335945911
54764331618648
35261914362657
68607909875589
54254533742600
34607562094046
64766655643688
84711949230986
39849056685396
91414588257371
77647040159934
95412032214708
79573276625580
33679900760311
68124017192932
47010744208023
30538347480604
15768937869563
79549363643537
25636181522994
63569799951163
58199840875434
14016276229095
14425747228833
16306523452701
55033416756834
60953103353914
43807793287900
30237506300101
48270614812622
86467336024415
14987736139823
65215026742708
52366571467696
36246303979499
91039746224222
80874066960908
70051237046879
62916997928185
36241112216496
59340381468816
15087981921815
65341156694524
91679741264441
74419688628660
83391944426152
84615934108887
19051254143806
55368713755901
92230542450941
76618339671673
36662520238911
71953343590708
33346536132406
89286504137385
96049021740340
46670396934468
24104886030337
24948087921356
42544884467285
14577836269045
92595360440404
56548179943542
15760804102674
40594858768004
11051055034903
55343421227450
97650755292993
22398372240785
72076150427318
38520863975678
75211451699014
19441973888811
40195608707498
82141913502112
43534406130765
35964147302234
71396743886799
11429109223842
61581539285633
92659670557490
49843735370588
26049781632126
40181484944659
32671548821402
89052909351502
29818098189738
92553884288099
50372466806830
48327964993880
40206871484391
12003406813555
73129453446745
60451524834766
91543485471097
44698164576356
75616591519607
31818153399410
93026689848880
31877904403717
